0  0  0  0  0  0  0  0
0  0  0  0  0  0  0  0
0  0  0  0  0  0  0  0
0  0  0  0  0  0  0  0
0  0  0  0  0  0  0  0
0  0  0  0  0  0  0  0
0  0  0  0  0  0  0  0
0  0  0  0  0  0  0  0
-  -  -  -  -  -  -  -
0  0  0  0  0  0  0  0
0  0  0  0  0  0  0  0
0  0  1  0  0  0  0  0
0  0  0  0  0  0  0  0
0  0  0  0  0  0  0  0
0  0  0  0  0  0  0  0
0  0  0  0  0  0  0  0
0  0  0  0  0  0  0  0
-  -  -  -  -  -  -  -
0  0  0  0  0  0  0  0
0  0  0  0  0  0  0  0
0  0  1  0  0  0  0  0
0  0  0  0  2  0  0  0
0  0  0  2  2  0  0  0
0  0  0  0  0  0  0  0
0  0  0  0  0  0  0  0
0  0  0  0  0  0  0  0
-  -  -  -  -  -  -  -
0  0  0  0  0  0  0  0
0  3  3  0  0  0  0  0
0  3  1  0  0  0  0  0
0  0  0  0  2  0  0  0
0  0  0  2  2  0  0  0
0  0  0  0  0  0  0  0
0  0  0  0  0  0  0  0
0  0  0  0  0  0  0  0
-  -  -  -  -  -  -  -
4  4  0  0  0  0  0  0
4  3  3  0  0  0  0  0
0  3  1  0  0  0  0  0
0  0  0  0  2  0  0  0
0  0  0  2  2  0  0  0
0  0  0  0  0  0  0  0
0  0  0  0  0  0  0  0
0  0  0  0  0  0  0  0
-  -  -  -  -  -  -  -
4  4  5  5  0  0  0  0
4  3  3  5  0  0  0  0
0  3  1  0  0  0  0  0
0  0  0  0  2  0  0  0
0  0  0  2  2  0  0  0
0  0  0  0  0  0  0  0
0  0  0  0  0  0  0  0
0  0  0  0  0  0  0  0
-  -  -  -  -  -  -  -
4  4  5  5  0  0  0  0
4  3  3  5  0  0  0  0
6  3  1  0  0  0  0  0
6  6  0  0  2  0  0  0
0  0  0  2  2  0  0  0
0  0  0  0  0  0  0  0
0  0  0  0  0  0  0  0
0  0  0  0  0  0  0  0
-  -  -  -  -  -  -  -
4  4  5  5  0  0  0  0
4  3  3  5  0  0  0  0
6  3  1  7  0  0  0  0
6  6  7  7  2  0  0  0
0  0  0  2  2  0  0  0
0  0  0  0  0  0  0  0
0  0  0  0  0  0  0  0
0  0  0  0  0  0  0  0
-  -  -  -  -  -  -  -
4  4  5  5  0  0  0  0
4  3  3  5  0  8  8  0
6  3  1  7  0  0  8  0
6  6  7  7  2  0  0  0
0  0  0  2  2  0  0  0
0  0  0  0  0  0  0  0
0  0  0  0  0  0  0  0
0  0  0  0  0  0  0  0
-  -  -  -  -  -  -  -
4  4  5  5  9  9  0  0
4  3  3  5  9  8  8  0
6  3  1  7  0  0  8  0
6  6  7  7  2  0  0  0
0  0  0  2  2  0  0  0
0  0  0  0  0  0  0  0
0  0  0  0  0  0  0  0
0  0  0  0  0  0  0  0
-  -  -  -  -  -  -  -
4  4  5  5  9  9  :  :
4  3  3  5  9  8  8  :
6  3  1  7  0  0  8  0
6  6  7  7  2  0  0  0
0  0  0  2  2  0  0  0
0  0  0  0  0  0  0  0
0  0  0  0  0  0  0  0
0  0  0  0  0  0  0  0
-  -  -  -  -  -  -  -
4  4  5  5  9  9  :  :
4  3  3  5  9  8  8  :
6  3  1  7  ;  ;  8  0
6  6  7  7  2  ;  0  0
0  0  0  2  2  0  0  0
0  0  0  0  0  0  0  0
0  0  0  0  0  0  0  0
0  0  0  0  0  0  0  0
-  -  -  -  -  -  -  -
4  4  5  5  9  9  :  :
4  3  3  5  9  8  8  :
6  3  1  7  ;  ;  8  <
6  6  7  7  2  ;  <  <
0  0  0  2  2  0  0  0
0  0  0  0  0  0  0  0
0  0  0  0  0  0  0  0
0  0  0  0  0  0  0  0
-  -  -  -  -  -  -  -
4  4  5  5  9  9  :  :
4  3  3  5  9  8  8  :
6  3  1  7  ;  ;  8  <
6  6  7  7  2  ;  <  <
0  0  0  2  2  0  0  0
0  =  0  0  0  0  0  0
0  =  =  0  0  0  0  0
0  0  0  0  0  0  0  0
-  -  -  -  -  -  -  -
4  4  5  5  9  9  :  :
4  3  3  5  9  8  8  :
6  3  1  7  ;  ;  8  <
6  6  7  7  2  ;  <  <
>  >  0  2  2  0  0  0
>  =  0  0  0  0  0  0
0  =  =  0  0  0  0  0
0  0  0  0  0  0  0  0
-  -  -  -  -  -  -  -
4  4  5  5  9  9  :  :
4  3  3  5  9  8  8  :
6  3  1  7  ;  ;  8  <
6  6  7  7  2  ;  <  <
>  >  ?  2  2  0  0  0
>  =  ?  ?  0  0  0  0
0  =  =  0  0  0  0  0
0  0  0  0  0  0  0  0
-  -  -  -  -  -  -  -
4  4  5  5  9  9  :  :
4  3  3  5  9  8  8  :
6  3  1  7  ;  ;  8  <
6  6  7  7  2  ;  <  <
>  >  ?  2  2  0  0  0
>  =  ?  ?  0  0  0  0
@  =  =  0  0  0  0  0
@  @  0  0  0  0  0  0
-  -  -  -  -  -  -  -
4  4  5  5  9  9  :  :
4  3  3  5  9  8  8  :
6  3  1  7  ;  ;  8  <
6  6  7  7  2  ;  <  <
>  >  ?  2  2  0  0  0
>  =  ?  ?  0  0  0  0
@  =  =  A  0  0  0  0
@  @  A  A  0  0  0  0
-  -  -  -  -  -  -  -
4  4  5  5  9  9  :  :
4  3  3  5  9  8  8  :
6  3  1  7  ;  ;  8  <
6  6  7  7  2  ;  <  <
>  >  ?  2  2  0  0  0
>  =  ?  ?  0  0  B  0
@  =  =  A  0  B  B  0
@  @  A  A  0  0  0  0
-  -  -  -  -  -  -  -
4  4  5  5  9  9  :  :
4  3  3  5  9  8  8  :
6  3  1  7  ;  ;  8  <
6  6  7  7  2  ;  <  <
>  >  ?  2  2  C  0  0
>  =  ?  ?  C  C  B  0
@  =  =  A  0  B  B  0
@  @  A  A  0  0  0  0
-  -  -  -  -  -  -  -
4  4  5  5  9  9  :  :
4  3  3  5  9  8  8  :
6  3  1  7  ;  ;  8  <
6  6  7  7  2  ;  <  <
>  >  ?  2  2  C  D  D
>  =  ?  ?  C  C  B  D
@  =  =  A  0  B  B  0
@  @  A  A  0  0  0  0
-  -  -  -  -  -  -  -
4  4  5  5  9  9  :  :
4  3  3  5  9  8  8  :
6  3  1  7  ;  ;  8  <
6  6  7  7  2  ;  <  <
>  >  ?  2  2  C  D  D
>  =  ?  ?  C  C  B  D
@  =  =  A  E  B  B  0
@  @  A  A  E  E  0  0
-  -  -  -  -  -  -  -
4  4  5  5  9  9  :  :
4  3  3  5  9  8  8  :
6  3  1  7  ;  ;  8  <
6  6  7  7  2  ;  <  <
>  >  ?  2  2  C  D  D
>  =  ?  ?  C  C  B  D
@  =  =  A  E  B  B  F
@  @  A  A  E  E  F  F
-  -  -  -  -  -  -  -
4  4  5  5  9  9  :  :
4  3  3  5  9  8  8  :
6  3  1  7  ;  ;  8  <
6  6  7  7  2  ;  <  <
>  >  ?  2  2  C  D  D
>  =  ?  ?  C  C  B  D
@  =  =  A  E  B  B  F
@  @  A  A  E  E  F  F
-  -  -  -  -  -  -  -